# type        px py pz   dx  dy dz    ar ag ab aa    dr dg db da    sr sg sb sa    [c l q]    [inner outer]


#mainCorridor Lights
point	0	2	5	0	0	0	0.2	0.16	0.12	1	0.839	0.996	0.996	1	0.2	0.2	0.2	1	1	0.09	0.032
point	0	2	-5	0	0	0	0.2	0.16	0.12	1	0.839	0.996	0.996	1	0.2	0.2	0.2	1	1	0.09	0.032

#second corridor lights
point	0	-13	-45	0	0	0	0.2	0.16	0.12	1	0.839	0.996	0.996	1	0.2	0.2	0.2	1	1	0.09	0.032
point	0	-13	-40	0	0	0	0.2	0.16	0.12	1	0.839	0.996	0.996	1	0.2	0.2	0.2	1	1	0.09	0.032

#first room lights
point	-8	9	-11	0	0	0	0.2	0.16	0.12	1	0.8	0.3	0.3	1	0.2	0.1	0.1	1	1	0.09	0.032
point	8	9	-11	0	0	0	0.2	0.16	0.12	1	0.8	0.3	0.3	1	0.2	0.1	0.1	1	1	0.09	0.032
point 8   9   -29   0   180   0   0.2   0.16   0.12   1   0.8   0.3   0.3   1   0.2   0.1   0.1   1   1   0.09   0.032
point -8  9   -29   0   180   0   0.2   0.16   0.12   1   0.8   0.3   0.3   1   0.2   0.1   0.1   1   1   0.09   0.032



#plateform light
spot	0	8	-20	 0	-1	0	0.2	0.16	0.12	1	3.356	3.984	3.984	1	0.2	0.2	0.2	1	1	0.09	0.032	9	14
spot	-7	-1	-20	 0	-1	0	0.2	0.16	0.12	1	3.356	3.984	3.984	1	0.2	0.2	0.2	1	1	0.09	0.032	25  45



